|===============================================================================================================================================|
|MÉTODOS DE ORDENAÇÃO|ARQUIVO ORDENADO				|ARQUIVO EM ORDEM REVERSA		 |ARQUIVO RANDÔMICO                     |
|		     |Comp. 1	|Comp. 2|Mov. 1	|Mov. 2	|Tempo	|Comp. 1|Comp. 2|Mov. 1	|Mov. 2	|Tempo	|Comp. 1|Comp. 2|Mov. 1	|Mov. 2	|Tempo	|
|===============================================================================================================================================|
|Insercao Direta     | 0     | 1021	| 0	| 3063	| 7290	| 0	| 261375| 0	| 523773| 2701527| 0	| 261376| 0	| 263418|1347692|
|===============================================================================================================================================|
|Insercao Binaria    | 0     | 0	| 0	| 3063	| 23728	| 19397	| 521731| 52275	| 523773| 2779640| 19121| 7081	| 260711| 526836|1470889|
|===============================================================================================================================================|
|Selecao Direta	     | 0     | 521731	| 0	| 3063	|1038064| 0	| 521731| 0	| 264184| 1528499| 0	| 521731| 0	| 7671	|1049984|
|===============================================================================================================================================|
|Bolha               | 1021  | 521731	| 0	| 3063	| 3974	| 521731| 521731|1043462| 264184| 5612509|521611| 521731| 518556| 7671	|3701565|
|===============================================================================================================================================|
|Shake               | 521731| 521731	| 0	| 0	|2293597| 521731| 521731|1043462| 782596| 5655577|521731| 521731| 518556|1565193|3920957|
|===============================================================================================================================================|
|Shell               | 521731| 521731	| 0	| 3063	|2025008| 7132	| 521731| 390720| 340	| 2033572| 7117	| 521731| 215346| 7671  |1123327|
|===============================================================================================================================================|
|Heap                | 522242| 521731	| 18656	| 3063	|2141094| 522242| 521731| 16958	| 340	| 2110331|522242| 521731| 18468	| 7671	|2122778|
|===============================================================================================================================================|
|Quick Sort SP	     | 521731| 521731	| 0	| 3063	|1023494| 521731| 521731| 1022	| 340	| 1027984| 11708| 521731| 7396	| 7671	| 65215	|
|===============================================================================================================================================|
|Quick Sort CP	     | 9207  | 521731	| 0	| 3063	| 18692	| 9214	| 521731| 1022	| 340	| 22136	| 13705	| 521731| 5078	| 7671	| 45073	|
|===============================================================================================================================================|
|Merge 1	     | 8189  | 521731	| 10238	| 3063	| 122022| 8203	| 521731| 10238	| 340	| 121741| 7234	| 521731| 10238	| 7671	| 120468|
|===============================================================================================================================================|
|Merge 2	     | 5117  | 521731	| 526832| 3063	|2777953| 5101	| 521731| 526832| 340	| 2775416| 8923	| 521731| 526832| 7671	|2792614|
|===============================================================================================================================================|
|Counting	     | 0     | -1	| 1022	| -1	| 7242	| 0	| -1	| 1022	| -1	| 7259	| 0	| -1	| 1022	| -1	| 7280	|
|===============================================================================================================================================|
|Bucket              | 1021  | -1	| 2044	| -1	| 12702	| 1021	| -1	| 2044	| -1	| 12623	| 1021	| -1	| 2044	| -1	| 15309	|
|===============================================================================================================================================|
|Radix               | 0     | -1	| 4088	| -1	| 29066	| 0	| -1	| 4088	| -1	| 29371	| 0	| -1	| 4088	| -1	| 29205	|
|===============================================================================================================================================|
|Comb                | 19129 | -1	| 0	| -1	| 74899	| 19129	| -1	| 3222	| -1	| 84390	| 19129	| -1	| 8564	| -1	| 102384|
|===============================================================================================================================================|
|Gnome               | 1021  | -1	| 0	| -1	| 3935	| 522752| -1	|1043462| -1	|5367129| 261305| -1	| 518556| -1	|2709219|
|===============================================================================================================================================|
|Tim                 | 20396 | -1	| 0	| -1	| 24101	| 19397	| -1	| 0	| -1	|5418868| 19121	| -1	| 0	| -1	|2716134|
|===============================================================================================================================================|
